1 1391
1 3077
1 322
1 585
1 695
1 972
1 1071
1 1170
1 1315
1 1487
2 2434
2 2863
2 3078
2 397
2 971
2 1046
2 1145
2 1345
2 1939
2 2317
3 205
3 637
3 1134
3 1223
3 1350
3 1496
3 1787
3 1788
3 2061
3 2252
4 2939
4 3128
4 2314
4 2470
4 2931
4 964
4 1135
4 2342
4 3101
4 616
5 1978
5 2716
5 2314
5 2786
5 3127
5 1829
5 2003
5 1409
5 1810
5 1571
6 1664
6 971
6 1770
6 1939
6 2306
6 3148
6 397
6 1046
6 1099
6 2254
7 1145
7 2912
7 1601
7 1664
7 2402
7 1768
7 1397
7 2145
7 2483
7 1595
8 2541
8 2849
8 1611
8 2371
8 2951
8 3032
8 2202
8 71
8 1626
8 2377
9 2849
9 1034
9 1695
9 2046
9 2380
9 3070
9 3087
9 3127
9 1811
9 1844
10 1262
10 1471
10 1747
10 2060
10 2785
10 2895
10 1380
10 1603
10 2433
10 2514
11 2699
11 724
11 1043
11 1358
11 1676
11 1860
11 1923
11 2003
11 2081
11 2091
12 3127
12 40
12 92
12 202
12 252
12 276
12 320
12 322
12 585
12 619
13 1223
13 1542
13 1807
13 1886
13 1947
13 2314
13 2559
13 2598
13 2748
13 2801
14 3054
14 2314
14 2812
14 2716
14 1386
14 1397
14 1752
14 1885
14 1961
14 2146
15 2944
15 115
15 224
15 622
15 693
15 867
15 1195
15 1231
15 1410
15 1535
16 2378
16 2421
16 972
16 1519
16 1665
16 1962
16 2003
16 2376
16 3049
16 243
17 1223
17 1134
17 2253
17 2491
17 123
17 224
17 320
17 397
17 585
17 678
18 1135
18 1223
18 2138
18 3005
18 123
18 731
18 1134
18 1389
18 1542
18 1665
19 950
19 1468
19 1601
19 1613
19 1957
19 2060
19 2195
19 2266
19 2289
19 2401
20 2695
20 1961
20 2986
20 1423
20 1457
20 1595
20 1696
20 2145
20 2289
20 2568
21 2189
21 1135
21 1172
21 1429
21 1496
21 1679
21 2081
21 2263
21 2598
21 2703
22 1915
22 2692
22 2751
22 2913
22 2384
22 2441
22 2473
22 2564
22 2637
22 2638
23 1072
23 1433
23 1542
23 1727
23 1805
23 1885
23 2004
23 2060
23 2081
23 2195
24 20
24 78
24 942
24 1003
24 1051
24 1169
24 1180
24 1216
24 1233
24 1307
25 2318
25 2711
25 2741
25 3048
25 1199
25 1517
25 1518
25 1526
25 1542
25 1572
26 964
26 1108
26 2320
26 2376
26 2541
26 2849
26 3105
26 3128
26 202
26 696
27 1752
27 1960
27 2297
27 2378
27 2582
27 320
27 619
27 1471
27 1698
27 1728
28 2849
28 3032
28 36
28 367
28 441
28 757
28 820
28 828
28 1261
28 1354
29 2927
29 2200
29 3037
29 1386
29 1537
29 1538
29 1539
29 1595
29 1679
29 1709
30 1651
30 397
30 1856
30 1926
30 202
30 1170
30 1267
30 1457
30 1591
30 1652
31 1929
31 2125
31 1686
31 2370
31 2829
31 1741
31 2421
31 1144
31 2913
31 3047
32 1481
32 1934
32 2052
32 2161
32 2172
32 2189
32 2290
32 2368
32 2430
32 2461
33 1423
33 2047
33 1143
33 2695
33 1692
33 1997
33 2554
33 3016
33 1766
33 2605
34 1046
34 111
34 503
34 640
34 1440
34 1450
34 1524
34 1567
34 1601
34 1633
35 2437
35 2836
35 3175
35 2516
35 2560
35 2681
35 1474
35 2645
35 3071
35 1386
36 1265
36 1012
36 1350
36 1768
36 2110
36 2112
36 2698
36 1453
36 2061
36 2546
37 1719
37 2233
37 33
37 100
37 457
37 483
37 492
37 538
37 549
37 655
38 2002
38 2941
38 2815
38 3087
38 2289
38 2497
38 2859
38 1768
38 2265
38 2939
39 2940
39 1614
39 2178
39 1861
39 2254
39 2651
39 1589
39 2931
39 1591
39 1602
40 2254
40 2940
40 1768
40 2051
40 2184
40 2470
40 2958
40 655
40 982
40 990
41 1514
41 2095
41 2406
41 2578
41 2667
41 2849
41 1951
41 3072
41 3082
41 1003
42 462
42 1411
42 1726
42 2215
42 2286
42 2402
42 2711
42 2741
42 2894
42 2984
43 1182
43 2455
43 1113
43 2569
43 2692
43 2829
43 2847
43 2883
43 3046
43 3098
44 2523
44 2829
44 1002
44 464
44 533
44 726
44 931
44 974
44 1135
44 1325
45 3002
45 1194
45 1199
45 1681
45 2372
45 2451
45 2849
45 3089
45 2344
45 2812
46 1457
46 1652
46 2631
46 1665
46 2990
46 1032
46 329
46 1711
46 2451
46 2568
47 1032
47 2451
47 440
47 1680
47 1695
47 1699
47 2314
47 2990
47 1194
47 1236
48 3138
48 2314
48 3032
48 3067
48 1066
48 1453
48 2060
48 2366
48 2453
48 1423
49 409
49 1032
49 1514
49 1681
49 2288
49 2390
49 2519
49 2561
49 2990
49 3012
50 1680
50 1409
50 1601
50 1613
50 1811
50 1846
50 1960
50 2175
50 2311
50 2342
51 1613
51 2570
51 2714
51 2838
51 2973
51 3075
51 3153
51 3156
51 950
51 1468
52 2721
52 605
52 1199
52 1261
52 1366
52 1468
52 1517
52 1518
52 1541
52 1572
53 2210
53 2769
53 2806
53 1194
53 1567
53 1907
53 2470
53 2986
53 1649
53 1836
54 2470
54 2931
54 2178
54 2264
54 2703
54 2842
54 2945
54 2958
54 3031
54 1824
55 1665
55 1355
55 1896
55 1898
55 1906
55 1993
55 2838
55 1453
55 1739
55 2921
56 1665
56 2931
56 2051
56 1453
56 1471
56 2645
56 724
56 1781
56 1856
56 2061
57 3140
57 3077
57 2705
57 2922
57 1106
57 1614
57 2700
57 2850
57 1278
57 284
58 1411
58 2314
58 2634
58 533
58 1631
58 2970
58 1474
58 1637
58 2216
58 2525
59 1700
59 1456
59 2631
59 3087
59 2931
59 2484
59 144
59 1703
59 2127
59 2650
60 1518
60 1752
60 3087
60 3142
60 1572
60 2988
60 3025
60 1199
60 1409
60 1750
61 2307
61 2711
61 1236
61 2631
61 1935
61 3134
61 2451
61 1272
61 634
61 1457
62 2060
62 2195
62 1135
62 1359
62 1456
62 1806
62 1961
62 2484
62 2598
62 2720
63 2973
63 950
63 1468
63 1601
63 2060
63 2195
63 2266
63 2289
63 2557
63 2692
64 2651
64 1046
64 2051
64 100
64 106
64 143
64 176
64 209
64 367
64 406
